        +---------------------------------------+
        | 0 | 1 | 2 | 3 | 4 | 5 | 6 | 7 | 8 | 9 |
+-------+---------------------------------------+
|   0   | 60   0   0   0   1   0   1   0   0   1   |
|   1   | 0   63   0   0   0   0   0   0   0   0   |
|   2   | 0   0   59   0   0   0   0   1   0   0   |
|   3   | 0   0   0   59   0   0   0   1   0   0   |
|   4   | 0   0   0   0   58   0   0   0   1   0   |
|   5   | 0   0   0   0   0   56   0   0   0   0   |
|   6   | 0   0   0   0   0   0   59   0   0   0   |
|   7   | 0   0   0   0   0   0   0   62   0   0   |
|   8   | 2   0   0   0   0   0   0   0   56   0   |
|   9   | 0   0   0   0   0   0   0   2   0   58   |
+------------------------------------------------+
Taxa de reconhecimento : 0.9833333333333333
